# hexagonal, fcc, bcc (vol, reax, dft)    -11.55, -11.97, -11.69                                     
0.68   90.8230     89.9534    43.2599     38.1435     25.0332     30.5853
0.76   41.8573     43.7072    19.5777     18.6644     12.4432     14.9594
0.84   16.9534     17.1858     8.5204      6.8601      5.2975      5.7910
0.88   10.1893      9.1370     4.4655      3.5481      3.0537      3.0328
0.92    4.4647      3.8401     1.8285      1.5071      1.4833      1.2624
0.96    1.1795      0.9063     0.3940      0.3849      0.4881      0.3038
1.04    0.6625      0.8745     0.5165      0.3289     -0.0318      0.2395
1.08    2.9441      3.3129     1.8327      1.1520      0.3513      0.9357
1.12    6.6449      7.1188     3.8482      2.6252      1.1112      2.0215
1.16   11.5780     12.1122     6.4683      4.6667      2.2102      3.3104
1.32   40.1737     41.0238    21.2467     17.1808      9.1867     10.1777
1.48   75.9182     78.8410    39.3788     34.3534     18.4036     19.7178












































